
=========
Meyda CLI
=========


Buffer size: 512
Hop size: 512
Windowing function: hanning
Will extract:
zcr rms energy 

Starting extraction...
|Sample rate recognized as: 48000
-------------------------------------------------------------------------------------------------------------------------|
Extraction finished.

120 frames analysed.


*********zcr*********

24
8
18
18
22
22
26
22
22
40
20
18
16
18
20
22
20
20
18
22
30
18
10
10
10
10
8
8
8
10
8
8
10
8
6
14
46
66
72
92
80
64
70
34
6
10
8
8
14
12
10
10
10
10
12
10
8
8
6
6
18
18
12
10
10
12
6
8
6
8
22
8
14
18
20
20
16
10
8
10
8
8
10
8
14
16
44
48
54
42
18
4
6
4
8
6
10
6
10
6
24
10
8
10
12
12
12
6
10
16
26
22
20
30
18
20
22
40
26
26


*********rms*********

0.00006153540162168366
0.00028294527828300287
0.0001828864327958348
0.0002241338953294483
0.0004665699529268846
0.0005152847677312143
0.00038478888591580583
0.0009911776234972313
0.001475182483364845
0.0024721918412820626
0.009130436927382598
0.030961260860543377
0.0416102396649785
0.05394674599325921
0.06512666059340075
0.053563826578640505
0.03575567037808865
0.024366365960830694
0.020455889313767708
0.021419852679454468
0.030289418644575412
0.0437871942996798
0.05100802026078606
0.05907734710530375
0.05898180470981408
0.026874370480214814
0.017322937412031524
0.015111836218282727
0.012044880909979868
0.027442333961486473
0.03198048318295878
0.035586240438746315
0.025587746956181975
0.022146856994783918
0.007758374762008077
0.008567342439356756
0.005953139250399037
0.0069867689323452305
0.008681151795219609
0.0074931079264995955
0.006726868211741995
0.0064048220039368145
0.00516773320617433
0.00470443130618895
0.034050537882211046
0.04155850109364295
0.028397182215808964
0.02395454585212288
0.044629372177226664
0.05113069301774864
0.045557588006695744
0.028662051692842912
0.021978372989267872
0.018064174195160796
0.013411463417985707
0.009225210805538314
0.011093201283715203
0.012514283055924844
0.019427469314595717
0.021939810038931265
0.03188804458311928
0.02932478705323845
0.019830054442430366
0.01844135705489972
0.013708677653704605
0.012948330426918661
0.006306346257499381
0.008304610584363862
0.0035942877507417017
0.007896646557724743
0.01273413235381413
0.010384432681242159
0.024912530402756716
0.046488352192157856
0.035434920235211984
0.03695536484482958
0.023653970420752925
0.029011384513403283
0.03409705086620873
0.026254458514717485
0.007932166945580002
0.018053869319448686
0.01593644901237255
0.009436264796425358
0.01218908238353456
0.005527030269220737
0.009420999330642225
0.008562949763822778
0.005085260997925549
0.0027203323135545606
0.0030761408819623237
0.0022625047135260796
0.0021818213917642205
0.0021510475505593487
0.001056699432484781
0.00148619210131341
0.0015737299487501104
0.0009140798309489728
0.0006457913189368184
0.0007662900416072818
0.0003187643811182694
0.00043300063257023215
0.00030979312389063993
0.00042162618169624966
0.00048629717100575113
0.00026069758358851535
0.00036295880447274057
0.0005447872478727742
0.00031705435115558713
0.00024630011403482506
0.00010771885983402725
0.00014598800267713344
0.00011034610814228745
0.00006271236579017222
0.00005427803884291959
0.00008917179429411386
0.00005471239440054844
0.00004381734216175035
0.00007581428966296427
0.00003846571196303177


*********energy*********

0.000001938742094203857
0.00004098971161735472
0.000017125093018002127
0.00002572083355420267
0.00011145601073878799
0.00013594541663017546
0.00007580799320285545
0.0005030057376366689
0.0011141956399239531
0.003129207040052017
0.04268281778427483
0.490803033126203
0.8864829670281985
1.490048718469749
2.1716387430645847
1.4689707610862976
0.6545755976635012
0.30398453255020985
0.21424302469996337
0.23491076547048076
0.46973382749509257
0.9816670129346108
1.332130883033478
1.786948065792277
1.781172882855243
0.36978267581841484
0.15364309021755462
0.1169242080707592
0.07428052794142591
0.385577826945922
0.5236486679631407
0.6483868203849028
0.3352231906783232
0.25112743667067355
0.03081849802125511
0.03758047051428013
0.018145211870536505
0.024993249338360068
0.03858554700372205
0.028747093195863584
0.02316838704033021
0.021003133389881953
0.013673198842980773
0.011331417044301146
0.5936328345947595
0.8842798147329652
0.41287677839250275
0.2937959766945062
1.0197918007979077
1.3385460574593278
1.062652838393768
0.420614762108518
0.24732102617875432
0.16707296734879398
0.09209208371812805
0.04357351137618988
0.06300626673716256
0.08018292756674952
0.1932424007524138
0.24645389544672724
0.5206258623155215
0.44029088548750406
0.20133430230515317
0.1741228288134654
0.09621905562274816
0.08584154155246981
0.020362241597171944
0.03531087716245928
0.006614479070787503
0.03192679775110453
0.08302496092388136
0.0552122583609601
0.3177646955869582
1.1065174474455592
0.642884388902828
0.6992378832970066
0.2864692821329174
0.4309301408688823
0.5952557454196866
0.352919855053323
0.03221466749570661
0.16688240507071003
0.13003284844746238
0.04559006377382733
0.0760697494285274
0.015640608561603715
0.045442676934636154
0.03754194363276931
0.013240258261515649
0.003788906442838583
0.004844873075548131
0.002620890920308596
0.002437296427806699
0.0023690268491608955
0.0005717062095941931
0.001130888684547261
0.001268032487215629
0.0004277974719220237
0.00021352777093844763
0.00030064661906764275
0.00005202469410289321
0.00009599464847678525
0.00004913755116027974
0.00009101754219098056
0.00012108028852643674
0.00003479717380551217
0.00006745041599707194
0.00015195809046773326
0.00005146801233238547
0.000031059838040866725
0.000005940916615138718
0.000010911998425937266
0.000006234246954060491
0.000002013614501376186
0.0000015084060163243457
0.00000407122375558746
0.0000015326444037330763
9.830192507493915e-7
0.0000029428769367551235
7.575608303733378e-7

Average zcr: 18.483333333333334
Average rms: 0.015519217168287502
Average energy: 0.26122669039602764
